9999999999999999999999999999
9888888888998888998888888889
9899998998888998888998999989
9788888999998998999998888879
9899998999998998999998999989
989  988888889988888889  989
989  989989999999989989  989
9899998998888888888998999989
9888888999998998999998888889
999999899999 99 999998999999
     9899999 99 9999989
     98              89
     9899 99900999 9989
999999899 90000009 998999999
X     8   90000009   8     Y 
999999899 90000009 998999999
     9899 99999999 9989
     9899     6    9989
     9899 99999999 9989
999999899 99999999 998999999
9888888998888888888998888889
9899998999998998999998999989
9899998999998998999998999989
9788998888888998888888998879
9998998998999999998998998999
9998998998999999998998998999
9888998998888998888998998889
9899998999998998999998999989
9888888999998998999998888889
9999998888888P88888888999999
9999999999999999999999999999